    A  R  N  D  C  Q  E  G  H  I  L  K  M  F  P  S  T  W  Y  V  B  Z  X  *
A   2 -2 -2 -2 -2 -2 -2 -2 -2 -2 -2 -2 -2 -2 -2 -2 -2 -2 -2 -2 -2 -2 -2 -5
R  -2  2 -2 -2 -2 -2 -2 -2 -2 -2 -2 -2 -2 -2 -2 -2 -2 -2 -2 -2 -2 -2 -2 -5
N  -2 -2  2 -2 -2 -2 -2 -2 -2 -2 -2 -2 -2 -2 -2 -2 -2 -2 -2 -2 -2 -2 -2 -5
D  -2 -2 -2  2 -2 -2 -2 -2 -2 -2 -2 -2 -2 -2 -2 -2 -2 -2 -2 -2 -2 -2 -2 -5
C  -2 -2 -2 -2  2 -2 -2 -2 -2 -2 -2 -2 -2 -2 -2 -2 -2 -2 -2 -2 -2 -2 -2 -5
Q  -2 -2 -2 -2 -2  2 -2 -2 -2 -2 -2 -2 -2 -2 -2 -2 -2 -2 -2 -2 -2 -2 -2 -5
E  -2 -2 -2 -2 -2 -2  2 -2 -2 -2 -2 -2 -2 -2 -2 -2 -2 -2 -2 -2 -2 -2 -2 -5
G  -2 -2 -2 -2 -2 -2 -2  2 -2 -2 -2 -2 -2 -2 -2 -2 -2 -2 -2 -2 -2 -2 -2 -5
H  -2 -2 -2 -2 -2 -2 -2 -2  2 -2 -2 -2 -2 -2 -2 -2 -2 -2 -2 -2 -2 -2 -2 -5
I  -2 -2 -2 -2 -2 -2 -2 -2 -2  2 -2 -2 -2 -2 -2 -2 -2 -2 -2 -2 -2 -2 -2 -5
L  -2 -2 -2 -2 -2 -2 -2 -2 -2 -2  2 -2 -2 -2 -2 -2 -2 -2 -2 -2 -2 -2 -2 -5
K  -2 -2 -2 -2 -2 -2 -2 -2 -2 -2 -2  2 -2 -2 -2 -2 -2 -2 -2 -2 -2 -2 -2 -5
M  -2 -2 -2 -2 -2 -2 -2 -2 -2 -2 -2 -2  2 -2 -2 -2 -2 -2 -2 -2 -2 -2 -2 -5
F  -2 -2 -2 -2 -2 -2 -2 -2 -2 -2 -2 -2 -2  2 -2 -2 -2 -2 -2 -2 -2 -2 -2 -5
P  -2 -2 -2 -2 -2 -2 -2 -2 -2 -2 -2 -2 -2 -2  2 -2 -2 -2 -2 -2 -2 -2 -2 -5
S  -2 -2 -2 -2 -2 -2 -2 -2 -2 -2 -2 -2 -2 -2 -2  2 -2 -2 -2 -2 -2 -2 -2 -5
T  -2 -2 -2 -2 -2 -2 -2 -2 -2 -2 -2 -2 -2 -2 -2 -2  2 -2 -2 -2 -2 -2 -2 -5
W  -2 -2 -2 -2 -2 -2 -2 -2 -2 -2 -2 -2 -2 -2 -2 -2 -2  2 -2 -2 -2 -2 -2 -5
Y  -2 -2 -2 -2 -2 -2 -2 -2 -2 -2 -2 -2 -2 -2 -2 -2 -2 -2  2 -2 -2 -2 -2 -5
V  -2 -2 -2 -2 -2 -2 -2 -2 -2 -2 -2 -2 -2 -2 -2 -2 -2 -2 -2  2 -2 -2 -2 -5
B  -2 -2 -2 -2 -2 -2 -2 -2 -2 -2 -2 -2 -2 -2 -2 -2 -2 -2 -2 -2  2 -2 -2 -5
Z  -2 -2 -2 -2 -2 -2 -2 -2 -2 -2 -2 -2 -2 -2 -2 -2 -2 -2 -2 -2 -2  2 -2 -5
X  -2 -2 -2 -2 -2 -2 -2 -2 -2 -2 -2 -2 -2 -2 -2 -2 -2 -2 -2 -2 -2 -2  2 -5
*  -5 -5 -5 -5 -5 -5 -5 -5 -5 -5 -5 -5 -5 -5 -5 -5 -5 -5 -5 -5 -5 -5 -5 -5 
